[0, 97, 205, 139, 86, 60, 220, 65, 111, 92, 122, 154]
[97, 0, 129, 103, 71, 105, 258, 154, 112, 79, 145, 59]
[205, 129, 0, 219, 125, 175, 386, 269, 134, 129, 167, 151]
[139, 103, 219, 0, 208, 39, 102, 227, 60, 78, 90, 89]
[86, 71, 125, 208, 0, 51, 296, 150, 42, 99, 231, 166]
[60, 105, 175, 39, 51, 0, 279, 114, 56, 210, 165, 216]
[220, 258, 386, 102, 296, 279, 0, 78, 328, 121, 345, 78]
[65, 154, 269, 227, 150, 114, 78, 0, 169, 189, 76, 188]
[111, 112, 134, 60, 42, 56, 328, 169, 0, 87, 45, 123]
[92, 79, 129, 78, 99, 210, 121, 189, 87, 0, 23, 361]
[122, 145, 167, 90, 231, 165, 345, 76, 45, 23, 0, 111]
[154, 59, 151, 89, 166, 216, 78, 188, 123, 361, 111, 0]
0
5
7
4
9
1
8
10
3
11
2
6
